
24
{
0.0	0.0	0.0
100.0	0.0	0.0
100.0	30.0	0.0
0.0	30.0	0.0
0.0	0.0	1.0
100.0	0.0	1.0
100.0	30.0	1.0
0.0	30.0	1.0


0.0    30.0	0.0
100.0   30.0	0.0
100.0   60.0	0.0
0.0    60.0	0.0
0.0    30.0	1.0
100.0   30.0	1.0
100.0   60.0	1.0
0.0    60.0	1.0

-10.0	0.0	0.0
0.0	0.0	0.0
0.0	30.0	0.0
-10.0	30.0	0.0
-10.0	0.0	1.0
0.0	0.0	1.0
0.0	30.0	1.0
-10.0	30.0	1.0
}


8{  0  1  2  3  4  5  6  7 }        geometric 3{50 40 1} 3{1 0.25 1}
8{  8  9  10  11  12  13  14  15 }  geometric 3{50 40 1} 3{1    4 1}
8{ 16  17  18  19  20  21  22  23 } geometric 3{ 5 40 1} 3{1 0.25 1}

inlet1     4{16 20 23 19}
inlet2     4{8 12 15 11}
outlet     4{1 5 6 2}
delete     4{0 1 2 3} 4{4 5 6 7}
topbot    4{0 1 5 4} 4{10 14 15 11}
default   WALLS

