26
{
0 0 0
600 0 0
600 100 0
0 100 0
0 0 1400
600 0 1400
600 100 1400
0 100 1400

600 0 0
1400 0 0
1400 100 0
600 100 0
600 0 1400
1400 0 1400
1400 100 1400
600 100 1400

1400 0 0
3400 0 0
3400 100 0
1400 100 0
1400 0 1400
3400 0 1400
3400 100 1400
1400 100 1400

1000 0 200
1000 100 200
}

8{ 0 1 5 4 3 2 6 7}         geometric 3{5 18 1} 3{1 16 1}
8{ 8 9 13 12 11 10 14 15 }   geometric 3{7 18 1} 3{1 16 1}
edges 2{ 
	cosine 0 24
	cosine 3 25
}
8{ 16 17 21 20 19 18 22 23 } geometric 3{17 18 1} 3{1 16 1}


inlet     4{0 3 7 4}
outlet    4{17 18 22 21}
delete    4{0 1 5 4} 4{3 2 6 7}
top       4{4 5 6 7}
default   WALLS
