20
{
0	0.01	0
0	0.03	0
0	0.03	0.001
0	0.01	0.001
		
0.05	0.01	0
0.05	0.03	0
0.05	0.03	0.001
0.05	0.01	0.001
		
0.05	0	0
0.05	0.01	0
0.05	0.01	0.001
0.05	0	0.001
		
0.25	0.01	0
0.25	0.03	0
0.25	0.03	0.001
0.25	0.01	0.001
		
0.25	0	0
0.25	0.01	0
0.25	0.01	0.001
0.25	0	0.001	
}

8{0 1 2 3 4 5 6 7}           wall 3{16 1  16} 3{0.5 1 0.5}
8{4 5 6 7 12 13 14 15}       wall 3{16 1 40} 3{0.5 1 0.5} 
8{8 9 10 11 16 17 18 19}     wall 3{16 1 40} 3{0.5 1 0.5} 

inlet   4{0 1 2 3}
outlet  4{16 17 18 19}
WALLS   3{1 5 2} 3{0 4 3} 3{8 16 11} 3{8 9 10}


